1287904191713890305
1287904191751622657
1287904191990714368
1287904191885664256
1287904192087109642
1287904192477061120
1287904192640831488
1287904192703664133
1287904192829562881
1287904192775032832
1287904194146574336
1287904194133884936
1287904194104623105
1287904194230452224
1287904194284814337
1287904194326921218
1287904194570199041
1287904194997792770
1287904195568230401
1287904195782168576
1287904196075782146
1287904196998701057
1287904196919021570
1287904196994506752
1287904197434900487
1287904197669601280
1287904198063947776
1287904198122770434
1287904198219247616
1287904198378520578
1287904198646992901
1287904198604910592
1287904198793793537
1287904199137562625
1287904199246786561
1287904199867535360
1287904200073125889
1287904200152813568
1287904200454742017
1287904200966524935
1287904200962314241
1287904201302069249
1287904202153431040
1287904202476355584
1287904203097219072
1287904203277504513
1287904203617243143
1287904203046883333
1287904204095459328
1287904204149927937
1287904204212908033
1287904204611375104
1287904205617864704
1287904205760598016
1287904206045798411
1287904206398066689
1287904206918004736
1287904207241125889
1287904207211823107
1287904207861948418
1287904208012881922
1287904208574795776
1287904208591769610
1287904209199927299
1287904209288024064
1287904209350930434
1287904209338355712
1287904210391044098
1287904210797735937
1287904211158654976
1287904211846467584
1287904211984961536
1287904212727275522
1287904212970504194
1287904214400864262
1287904214560251911
1287904215134863360
1287904215273099264
1287904215503970307
1287904216032346113
1287904217148076034
1287904217613697024
1287904217664028678
1287904217781293056
1287904218779705344
1287904218825863169
1287904218880323586
1287904218960015360
1287904219547217926
1287904219844841475
1287904220083970049
1287904220826361858
1287904220792922115
1287904220985917440
1287904221140905984
1287904221606612992
1287904221518602242
1287904222336483335
1287904222609059840
1287904223015862272
1287904223208906758
1287904223498088448
1287904223481466880
1287904225364779008
1287904225436073984
1287904226002247687
1287904226169901056
1287904226677587969
1287904227528863744
1287904227659075592
1287904227910705152
1287904228845985797
1287904229462605824
1287904229739376643
1287904230930554880
1287904230934798339
1287904231219957760
1287904231605841924
1287904231572164608
1287904232008495105
1287904232373391360
1287904232444747778
1287904232415387649
1287904232843042816
1287904232910159872
1287904233015128064
1287904233531072514
1287904233828814849
1287904233849868289
1287904234441265152
1287904235145908224
1287904235254738946
1287904235364012035
1287904235766427649
1287904236861349889
1287904238882951169
1287904239537262592
1287904239327551489
1287904239679873025
1287904239671545862
1287904241038708736
1287904241160531969
1287904241584152577
1287904241848385536
1287904241978310657
1287904241923903488
1287904242095788034
1287904242435424256
1287904242838249472
1287904242875772930
1287904243232448512
1287904243794550789
1287904244641812480
1287904245094768640
1287904245262557184
1287904245493243906
1287904245803491329
1287904245610622976
1287904245891489792
1287904247162589184
1287904247246356481
1287904248018042880
1287904248257273862
1287904248194306049
1287904248684978176
1287904249372786688
1287904249158885376
1287904249607749632
1287904249628811273
1287904251168067584
1287904251440582656
1287904251444965377
1287904251763720192
1287904251914657792
1287904252166393861
1287904252673875971
1287904252690653184
1287904252837470209
1287904253609156609
1287904253734981632
1287904253969932294
1287904253936361472
1287904254066413568
1287904255299342336
1287904255169441794
1287904255706189824
1287904256566034432
1287904256608133122
1287904256922656768
1287904257727815680
1287904258868883463
1287904259221016578
1287904259539959815
1287904260324298754
1287904260554985472
1287904260659638273
1287904260966031360
1287904262614405123
1287904262798925828
1287904262849048576
1287904262987509761
1287904263687954432
1287904263591452673
1287904263868276738
1287904264136716290
1287904264732446723
1287904264870719494
1287904264891793408
1287904264912875520
1287904265269317632
1287904266951196677
1287904267190317056
1287904267412443136
1287904267961896960
1287904268360404993
1287904268251521025
1287904268914053120
1287904269178372096
1287904270092771335
1287904270218661889
1287904270361264129
1287904271933964289
1287904272013811713
1287904272194174976
1287904272227565569
1287904273263726593
1287904273397735425
1287904273670590464
1287904273603284992
1287904273779445761
1287904274924675072
1287904276438609921
1287904276337979392
1287904276535300096
1287904277218746368
1287904277437054986
1287904277822935040
1287904277818744832
1287904277839609857
1287904278191824898
1287904278523387904
1287904279320289280
1287904279525765121
1287904279416668171
1287904279563558912
1287904279773286400
1287904280289189888
1287904280507121664
1287904280687583233
1287904281027203072
1287904281006428162
1287904281178169345
1287904281840975872
1287904282612826112
1287904283313287168
1287904283921461254
1287904283908870145
1287904283975811073
1287904284160425984
1287904284206673920
1287904284219080704
1287904284575752193
1287904285037137920
1287904285229903872
1287904285318090752
1287904285846433792
1287904285808893952
1287904286098194437
1287904286677008384
1287904287108939776
1287904287192944643
1287904287805366275
1287904288014925825
1287904288069558273
1287904288354848774
1287904289176854529
1287904290405842944
1287904290791620610
1287904290955132929
1287904291743830016
1287904292008005638
1287904292746211331
1287904293580943366
1287904294310567936
1287904295078297601
1287904295094857728
1287904295137030144
1287904295942328329
1287904296168816645
1287904296206503944
1287904296483221505
1287904296781193222
1287904297049559042
1287904297129189376
1287904298261778438
1287904298836398080
1287904298924478465
1287904299834458112
1287904299826073603
1287904299985633280
1287904300035964928
1287904300576931841
1287904300530835456
1287904300778356736
1287904301126422533
1287904302762209284
1287904302950830080
1287904303617777664
1287904303739547649
1287904304288980994
1287904304356036610
1287904304901349377
1287904305421389824
1287904306436476929
1287904306583109632
1287904308919377920
1287904309372506112
1287904309661831168
1287904310295031810
1287904310139990016
1287904311029239809
1287904311176056833
1287904311016656896
1287904311310262272
1287904311427715073
1287904312295923716
1287904313294180353
1287904313847808001
1287904313902161920
1287904314032300032
1287904315328339968
1287904315517042688
1287904315533926400
1287904316083154944
1287904316116865024
1287904316808806401
1287904316926304256
1287904317236744195
1287904317597458432
1287904317920305152
1287904318054637568
1287904318499119104
1287904318520270848
1287904318759358465
1287904318792835073
1287904319002615808
1287904319380086784
1287904319581413376
1287904319547666432
1287904319849639936
1287904321573539841
1287904321921626112
1287904322785882112
1287904322613903360
1287904323247255552
1287904324195160065
1287904324555878400
1287904325172428801
1287904325390536709
1287904325621223427
1287904326225145862
1287904326665502721
1287904327240220673
1287904327370256385
1287904327437361159
1287904327391227911
1287904328443998209
1287904328666226692
1287904329089703936
1287904329714860033
1287904329723023361
1287904329895116800
1287904329932963840
1287904330289381377
1287904330268512261
1287904331153498119
1287904331061174272
1287904331988176897
1287904333695201280
1287904333850271744
1287904333900677121
1287904334311817222
1287904334345191431
1287904334584393728
1287904334768828418
1287904334789971968
1287904335100289024
1287904335054110721
1287904335356141568
1287904335477854210
1287904335486164998
1287904335733633024
1287904335985287168
1287904336052273153
1287904336220102656
1287904336740220929
1287904337012948992
1287904338040545280
1287904338107609088
1287904338208264196
1287904338405404673
1287904339344986117
1287904340141801472
1287904340200497152
1287904340070498309
1287904340804431873
1287904341001752578
1287904341051965440
1287904341098201089
1287904341400195072
1287904341597122560
1287904342184468482
1287904342415048704
1287904342301868032
1287904342549422080
1287904343182594049
1287904343749005312
1287904345166508032
1287904345439305728
1287904345552560140
1287904345967730701
1287904346223587330
1287904346223661057
1287904346676424705
1287904346693197826
1287904346831761415
1287904346777231361
1287904346785689601
1287904347146211329
1287904347548979202
1287904348039712774
1287904348102701056
1287904348463337472
1287904348576665605
1287904349230899200
1287904349709053954
1287904350174695425
1287904350279475200
1287904351168745475
1287904351382581248
1287904351328010242
1287904351923703811
1287904352800247808
1287904353391501312
1287904353559310336
1287904354352148487
1287904354054414336
1287904354511417346
1287904354511577089
1287904355006517248
1287904355119767552
1287904357472755713
1287904357841809414
1287904358001266688
1287904339974074371
1287904358366142464
1287904358340886530
1287904358554894336
1287904359280455688
1287904359788023811
1287904360102600713
1287904360530354176
1287904360907902980
1287904361041911808
1287904361050505217
1287904361172144129
1287904361360883719
1287904361549422592
1287904361931210752
1287904362317086723
1287904362904399877
1287904363025817600
1287904363294404609
1287904363709636608
1287904363772510211
1287904364351442944
1287904364443598849
1287904364468805634
1287904364623998979
1287904365148360704
1287904365630693376
1287904366142328833
1287904366226296833
1287904366486155264
1287904366905700354
1287904367262208000
1287904367329316864
1287904367442636808
1287904367492898816
1287904367698251776
1287904367740440576
1287904367878660096
1287904368335847425
1287904368596066304
1287904368751042561
1287904369468416000
1287904369585905664
1287904370168758272
1287904370223452160
1287904370575781890
1287904370563014657
1287904371683057671
1287904372144431104
1287904372161236992
1287904372446257152
1287904372807081984
1287904372903510016
1287904373188829186
1287904373624803329
1287904373864116226
1287904373947994114
1287904374266748928
1287904374472105984
1287904374602203144
1287904374795231233
1287904374765756416
1287904374929465344
1287904375143366656
1287904375248007171
1287904375323668481
1287904375868776448
1287904375713628160
1287904375701110784
1287904376615514114
1287904377009664001
1287904377135673344
1287904377253003266
1287904376598794241
1287904378230378498
1287904378284912642
1287904378138107905
1287904378427445253
1287904378607874048
1287904378872041473
1287904378989563905
1287904380579176448
1287904381132845059
1287904381355032584
1287904381531238400
1287904381690667008
1287904381917114368
1287904382475030529
1287904382743240705
1287904382789402624
1287904382881800195
1287904382932131841
1287904382886051840
1287904383045255168
1287904383573716992
1287904383615852546
1287904384215523328
1287904384442040328
1287904384580542465
1287904385142525953
1287904385977053184
1287904386119798784
1287904386686103557
1287904387310985217
1287904387256524808
1287904388153921536
1287904388682579978
1287904388850171905
1287904388921667592
1287904389127168001
1287904389454106625
1287904389567361024
1287904390293213184
1287904390750371840
1287904390788063232
1287904391081713664
1287904391236812805
1287904391354253314
1287904391706615808
1287904391798894593
1287904392037961728
1287904392138686464
1287904392268656640
1287904392558120960
1287904393065619457
1287904393090793472
1287904393099190275
1287904393585545216
1287904394160349185
1287904394357256192
1287904394525188096
1287904394382422018
1287904394810359812
1287904395099807748
1287904395393466368
1287904395510849543
1287904396152627200
1287904396702093312
1287904398136442881
1287904398413312002
1287904400510418952
1287904400397172737
1287904400653025283
1287904401034809351
1287904401357787136
1287904401500274689
1287904402058162183
1287904402242777091
1287904402637021185
1287904402758664192
1287904402989289474
1287904403291279363
1287904403593129984
1287904403748528130
1287904404012752899
1287904404218220545
1287904404423823360
1287904404738383879
1287904404604149763
1287904404717223936
1287904405010997248
1287904405304553473
1287904405371707393
1287904406130896898
1287904406583873537
1287904406646730761
1287904406701256705
1287904406772559875
1287904407179259909
1287904408249008137
1287904408420913153
1287904409364492289
1287904410127888384
1287904410052460544
1287904410291638273
1287904410568470529
1287904410790588416
1287904411105337344
1287904411319181312
1287904411675656193
1287904412107767808
1287904412120297472
1287904413240168448
1287904413332504576
1287904413634322434
1287904413802266630
1287904414146220032
1287904414263586816
1287904414779441152
1287904414825451520
1287904414460776448
1287904415102439426
1287904415215575040
1287904415408586753
1287904416159408128
1287904416956395520
1287904416973062144
1287904417040171008
1287904417132363776
1287904417396727808
1287904417606508548
1287904418717818880
1287904418764029961
1287904420152451080
1287904420399853569
1287904420735463424
1287904420882259978
1287904421352026120
1287904421574311937
1287904422106931200
1287904423105179653
1287904422081835010
1287904423444992002
1287904423633539072
1287904423696424960
1287904423730016256
1287904423885393922
1287904424371920900
1287904425152061440
1287904425126764546
1287904426204844038
1287904426456317952
1287904427127345152
1287904427773501440
1287904428373061632
1287904428662632450
1287904428922736640
1287904429019148288
1287904428952084481
1287904429346234368
1287904429358960642
1287904429484711938
1287904429807632387
1287904430067605504
1287904430042439682
1287904430306676736
1287904430269005824
1287904431896498177
1287904431774679041
1287904432089423872
1287904432391196672
1287904432391241728
1287904432387227655
1287904432655667200
1287904432898875392
1287904433603375104
1287904433674878976
1287904434253713409
1287904434396311553
1287904434538852352
1287904434589257730
1287904435084156928
1287904435126120450
1287904435352502277
1287904435428098048
1287904436166316033
1287904436702949376
1287904437281988610
1287904437294358528
1287904437734969345
1287904437885972480
1287904438024318977
1287904438019997696
1287904438057865216
1287904438133325825
1287904438255079424
1287904438280245249
1287904438401679360
1287904438334582784
1287904438321963008
1287904438657540096
1287904439618109441
1287904440079581184
1287904440373174274
1287904440687587329
1287904441580965888
1287904441618833410
1287904441954381828
1287904442445168640
1287904443648937985
1287904443737026560
1287904444835913728
1287904445188182017
1287904445334945792
1287904445737701377
1287904446052216835
1287904446211657729
1287904446618284033
1287904447201411072
1287904447369183233
1287904447688069121
1287904448371740673
1287904448946286595
1287904449508196352
1287904449810313217
1287904450481287168
1287904450640830464
1287904450565279744
1287904451249016833
1287904451353882627
1287904451479699459
1287904451471110144
1287904452108836864
1287904452280832001
1287904454285627392
1287904455099387905
1287904455120375808
1287904455321628672
1287904455615283200
1287904456114413569
1287904456290586627
1287904456693223424
1287904457326559232
1287904457955725312
1287904458240921602
1287904459083874309
1287904459172061189
1287904459415224325
1287904460166045697
1287904460300324864
1287904460405198849
1287904460568760325
1287904461382393856
1287904461420220417
1287904461776715776
1287904462024015872
1287904462044950528
1287904462246305792
1287904463009849350
1287904463831826438
1287904464100298752
1287904464343429120
1287904464733536258
1287904464658210816
1287904465388015622
1287904465396219904
1287904465450754048
1287904465467711489
1287904465446731786
1287904465660653568
1287904465866153985
1287904466079948800
1287904466109227008
1287904466344316929
1287904466663018496
1287904466654638080
1287904467350966274
1287904467439038467
1287904467355144192
1287904467623596040
1287904468802179075
1287904468760068096
1287904469737525249
1287904470026911747
1287904470219649024
1287904470467145729
1287904470685425665
1287904471184363520
1287904471348019201
1287904471415234562
1287904471629012992
1287904471977254912
1287904471880736768
1287904471893278721
1287904472367345670
1287904473176616961
1287904473227112449
1287904474057650178
1287904474426728448
1287904474942431232
1287904475227840522
1287904475387224065
1287904475416391680
1287904475508809728
1287904475940884481
1287904476179750912
1287904476419051520
1287904478352605186
1287904478713139200
1287904478755205121
1287904479732539393
1287904479900205056
1287904480378277888
1287904480277737473
1287904480625692682
1287904480911142914
1287904481091493888
1287904481431236609
1287904481456398336
1287904481825509379
1287904482861277184
1287904483259772928
1287904483507228673
1287904483545153536
1287904483696095237
1287904483813597190
1287904483956133888
1287904484337881088
1287904485243793408
1287904485193523201
1287904485428400133
1287904485520572417
1287904486892199946
1287904487538151425
1287904487726874629
1287904487785431043
1287904488121159680
1287904488448126976
1287904488641236993
1287904488804818944
1287904490637660160
1287904490943741952
1287904490960482304
1287904491052965889
1287904491195392000
1287904491317030912
1287904491476520962
1287904491564445696
1287904491778580480
1287904491610791936
1287904492298670081
1287904493405900805
1287904493611311104
1287904493582143494
1287904493619892226
1287904493892403201
1287904494504747008
1287904495163396105
1287904495029104649
1287904495041748992
1287904495268171776
1287904495842791429
1287904496161558530
1287904497101152256
1287904497650589696
1287904498015522817
1287904498191671297
1287904498481008640
1287904498480971776
1287904498552168448
1287904498753482752
1287904499370164224
1287904499504263168
1287904499726798848
1287904500804497409
1287904500783755264
1287904501027033089
1287904501140033537
1287904501043621889
1287904501282803713
1287904501844910080
1287904501882662915
1287904502247493632
1287904502104961024
1287904502432096257
1287904502683590656
1287904502834757634
1287904502759202819
1287904503761481730
1287904504030146564
1287904504248246273
1287904504504033285
1287904504663412739
1287904504864808967
1287904505242165248
1287904505724452865
1287904506215370754
1287904506773221376
1287904507603685376
1287904508077645824
1287904508677414913
1287904508585086977
1287904508887138305
1287904508933296128
1287904509042335745
1287904509142982656
1287904509096796161
1287904509486825473
1287904509432299520
1287904509402976257
1287904510254313472
1287904510338371584
1287904510279442432
1287904510443044864
1287904511093116928
1287904511164649472
1287904511588216833
1287904511571329026
1287904511730880521
1287904512141910022
1287904512439545857
1287904512469086208
1287904512729128960
1287904512921886720
1287904512997384193
1287904513085644800
1287904513488228352
1287904513526059008
1287904513786032134
1287904513962192896
1287904514029297667
1287904514851274753
1287904514943655938
1287904515128201216
1287904515258306561
1287904515572633601
1287904515736440832
1287904515900014593
1287904516306800641
1287904516290097152
1287904516931596288
1287904517439315970
1287904517447716866
1287904520220094464
1287904520664748033
1287904521193246720
1287904521402953729
1287904521390153728
1287904522082418694
1287904522422161409
1287904522585534465
1287904523655114758
1287904524653527041
1287904524632567810
1287904525685317633
1287904525530148864
1287904525756628995
1287904525882400769
1287904525982998529
1287904526339538946
1287904526456901632
1287904526897307648
1287904526943559681
1287904527027441665
1287904527568572416
1287904527686000640
1287904527874764802
1287904528378081291
1287904528680001537
1287904528612962304
1287904528847822851
1287904529384501248
1287904529808109570
1287904530349334529
1287904530345201664
1287904530630422528
1287904530806579200
1287904530961707008
1287904531309711360
1287904531641241601
1287904531653595138
1287904531704172551
1287904531964190722
1287904532178055168
1287904532882526208
1287904532874366976
1287904533465583616
1287904533625020416
1287904534589665281
1287904534916980738
1287904535285870592
1287904535239958528
1287904535621623813
1287904535739064320
1287904535512600577
1287904535986536448
1287904536137539586
1287904536602894336
1287904538058526726
1287904538167513089
1287904538297417728
1287904538297430017
1287904538448605184
1287904538997866496
1287904539597615105
1287904539316817921
1287904539618816002
1287904539685814272
1287904539916500993
1287904540415516672
1287904541451657223
1287904541770428417
1287904541871157248
1287904542508474369
1287904542898696200
1287904543540482049
1287904543817203713
1287904543901134850
1287904544152748034
1287904544479940615
1287904544668737536
1287904544761020416
1287904545322885120
1287904545595486208
1287904545893429253
1287904545931177984
1287904546090561537
1287904546371579904
1287904546409394176
1287904546824519680
1287904547587989507
1287904547696869376
1287904547835449344
1287904548732973062
1287904548921790466
1287904549022445568
1287904549236166657
1287904549479632896
1287904549684953088
1287904549857112069
1287904550708543496
1287904550964400129
1287904551287185408
1287904551400611843
1287904551534723074
1287904551551418368
1287904552021352455
1287904552574947328
1287904552566521857
1287904552654639110
1287904553015238656
1287904553581633543
1287904553787170821
1287904554470735874
1287904554839937024
1287904554953117697
1287904556446253056
1287904556584665089
1287904556530176002
1287904556873969664
1287904556953870339
1287904557356519424
1287904557708664832
1287904557956202496
1287904557947789312
1287904558128103424
1287904558170005506
1287904558149038080
1287904558400888832
1287904559210389509
1287904559151677440
1287904560313491456
1287904560271503360
1287904560619630598
1287904560527413248
1287904560829222912
1287904560799940617
1287904561236250624
1287904561924014081
1287904562154627073
1287904562745991168
1287904562897203203
1287904563031412737
1287904563115196417
1287904563320815619
1287904563618603009
1287904563845046273
1287904564075614208
1287904564197326849
1287904564314857472
1287904564365201410
1287904564402954247
1287904564797214730
1287904564771991555
1287904564772048897
1287904565300531203
1287904565841534979
1287904566432980992
1287904566470680576
1287904566902763523
1287904567221456898
1287904567263465474
1287904567628386307
1287904568156868608
1287904568571985920
1287904569280925697
1287904569872257037
1287904570090205184
1287904570799259660
1287904570908254209
1287904571944296450
1287904572405682176
1287904572489347072
1287904572846018562
1287904573030424576
1287904573231976449
1287904573315784704
1287904573613461504
1287904574305472512
1287904574758629376
1287904575232643073
1287904576545284102
1287904576633544709
1287904576818028546
1287904577455611904
1287904577510150154
1287904577824501760
1287904578017656832
1287904578231586817
1287904578818777088
1287904579619758082
1287904579905040384
1287904580047536128
1287904580207087616
1287904580286783488
1287904580441968641
1287904580479614978
1287904580634845184
1287904581079519233
1287904581393846273
1287904581482143744
1287904582169956352
1287904583671570433
1287904584493481984
1287904585089245191
1287904585466753028
1287904586502553600
1287904586716663809
1287904587257610240
1287904587228295168
1287904588667015168
1287904588583051264
1287904589258403840
1287904589375832070
1287904589757505536
1287904589933678593
1287904590176935938
1287904590344716293
1287904590508294156
1287904592047616006
1287904592571895811
1287904592781619200
1287904592789987328
1287904590541750280
1287904593150644225
1287904593192648706
1287904593377189889
1287904593616285697
1287904593620406273
1287904593909817344
1287904594039898112
1287904594249408512
1287904594484494336
1287904594396422148
1287904594698395650
1287904594790555648
1287904595780526081
1287904596044775433
1287904596342509577
1287904597135196167
1287904597026066432
1287904597386829824
1287904597726703616
1287904597726629891
1287904597818974210
1287904590541750280
1287904598905290752
1287904599416938497
1287904599949615105
1287904600171794433
1287904600394272768
1287904600415039489
1287904600532516864
1287904600633356288
1287904600645935107
1287904600792522752
1287904600717242369
1287904600918503424
1287904601073577984
1287904602029948929
1287904602122330112
1287904602424147968
1287904602445283329
1287904602885693443
1287904603091144704
1287904603409911808
1287904604538118145
1287904604584153089
1287904604714401801
1287904605108609024
1287904605192327168
1287904605398093824
1287904605628592132
1287904605444210688
1287904598473220098
1287904606220034048
1287904606333407233
1287904606488592385
1287904606614429702
1287904607088209920
1287904607058817025
1287904607180554241
1287904607860133888
1287904607948111876
1287904608078135296
1287904607885238275
1287904608526807041
1287904601128275968
1287904608883539974
1287904609114238977
1287904609420357633
1287904609860640769
1287904610305421312
1287904610406072320
1287904610666139650
1287904610670317568
1287904610909388801
1287904611370590208
1287904611454484481
1287904600335560704
1287904607025364992
1287904611630813184
1287904612532596737
1287904613065203712
1287904613161738243
1287904613304283136
1287904613677629440
1287904614151524353
1287904614017372162
1287904614789066755
1287904614864564232
1287904614793306113
1287904615036383232
1287904615078518796
1287904615770595328
1287904615690797056
1287904615934107648
1287904616424681472
1287904616638816258
1287904617049726976
1287904617070764034
1287904617154527232
1287904617167233024
1287904617418887169
1287904617544777729
1287904618228453376
1287904618052227072
1287904618442141696
1287904618496897024
1287904618744348673
1287904618719203328
1287904619016982529
1287904618987560960
1287904619264462848
1287904619411038208
1287904620497575938
1287904620707229699
1287904620791070721
1287904621567107072
1287904621734891521
1287904621906853889
1287904621944602630
1287904622041071622
1287904622213058561
1287904622183690242
1287904622712098817
1287904622653341697
1287904623051919360
1287904623051841538
1287904623328731140
1287904623953678337
1287904624243073025
1287904624490491906
1287904624935149568
1287904625438253056
1287904626407219202
1287904627397017600
1287904627808260097
1287904628068106240
1287904628164775937
1287904628500242432
1287904628567420928
1287904629615931392
1287904630643609605
1287904631088185344
1287904631234932739
1287904631587250176
1287904631536967681
1287904631759175680
1287904632404996096
1287904632577064966
1287904633440964609
1287904634292654082
1287904634275803137
1287904634368122882
1287904635001307136
1287904635139887104
1287904635114545152
1287904635353731073
1287904635534024704
1287904635647401990
1287904635928412162
1287904636301606912
1287904636666437632
1287904636704260096
1287904637148901377
1287904637186641920
1287904638063087616
1287904638021197825
1287904638251958278
1287904638692470792
1287904638868631552
1287904638830747648
1287904639191482369
1287904639460007937
1287904639678119942
1287904639657091074
1287904639791370246
1287904640005218314
1287904639854301184
1287904640248381442
1287904640307212289
1287904640365887496
1287904640558862337
1287904641762627585
1287904641791868928
1287904641909391360
1287904642635116545
1287904642765127680
1287904642744094720
1287904642693844999
1287904642983251969
1287904642949459968
1287904643339747328
1287904643553599488
1287904643633369089
1287904643675295744
1287904643654332416
1287904644258238465
1287904644702900224
1287904645285916672
1287904645462056960
1287904645524992000
1287904645663215616
1287904646078402560
1287904646212845569
1287904646376243200
1287904646657269760
1287904646804242433
1287904647051644929
1287904647135592454
1287904647987056642
1287904648725225473
1287904649023021059
1287904649299685376
1287904649291464705
1287904649551413248
1287904649681547264
1287904649970843648
1287904650289545216
1287904650428112903
1287904651225042946
1287904651392712706
1287904651652804608
1287904651761917955
1287904651837231105
1287904651891752960
1287904652105674753
1287904652260970499
1287904652185534465
1287904652680470528
1287904652650934272
1287904652667781123
1287904653536092166
1287904653548695552
1287904653594828805
1287904653808750593
1287904654358122497
1287904654689316865
1287904655645839360
1287904655851376641
1287904656329342976
1287904656396517378
1287904656715390977
1287904656895729664
1287904657415659520
1287904657554145284
1287904657692594176
1287904658024005632
1287904658288082944
1287904658351165452
1287904658653052929
1287904659252875265
1287904660184092672
1287904660381208578
1287904660356038657
1287904660918013952
1287904661203226624
1287904661194801158
1287904661123424256
1287904662385901568
1287904662377631744
1287904662494908416
1287904662637678592
1287904662843084801
1287904663287857152
1287904663338090498
1287904663417819137
1287904663434678275
1287904663505952768
1287904664294490113
1287904664315473926
1287904664537759747
1287904664458072075
1287904664810401795
1287904665317892100
1287904665590476811
1287904665984733188
1287904666764926978
1287904667188461569
1287904667696091137
1287904667666710531
1287904667930963968
1287904668169928707
1287904668480417796
1287904668530556928
1287904670548189185
1287904671244390401
1287904671345115136
1287904671986843648
1287904672187994113
1287904672158810114
1287904672259297280
1287904672531877891
1287904672938725377
1287904672905297920
1287904673064656896
1287904673308053504
1287904673568038913
1287904673521950721
1287904673593282560
1287904673593098241
1287904673995747328
1287904673979076613
1287904673920360453
1287904675191115777
1287904675329499136
1287904675249913861
1287904675560390656
1287904675757342720
1287904676525084674
1287904676483141636
1287904676831277058
1287904676940193793
1287904677498097665
1287904678408314882
1287904678597074946
1287904678735417344
1287904679154909189
1287904679641460737
1287904679595106305
1287904679926607878
1287904680123813889
1287904681625362432
1287904681935740928
1287904681990205440
1287904682850029569
1287904683093372942
1287904683328245761
1287904683701411841
1287904683986649090
1287904684439736321
1287904684825509889
1287904685110620162
1287904685408391168
1287904685463150597
1287904685857427459
1287904685958062080
1287904686247489536
1287904686939361281
1287904687002394624
1287904688113819649
1287904688353026048
1287904688352964610
1287904689573462019
1287904689661460480
1287904689967771649
1287904690366230530
1287904690378866689
1287904690563354634
1287904690588590080
1287904690785718272
1287904690890510339
1287904690961887236
1287904691574190080
1287904691372740608
1287904692446486530
1287904692543131650
1287904692828278784
1287904693566312448
1287904693935583232
1287904693956608000
1287904694271184896
1287904694296121344
1287904694275211264
1287904694661242880
1287904694799675393
1287904694896078848
1287904695072292871
1287904695139401730
1287904695378497536
1287904695718207488
1287904696909398016
1287904697119055872
1287904697161060352
1287904697458855936
1287904697551028224
1287904698050191361
1287904697873870848
1287904699224592384
1287904699413417984
1287904699551817736
1287904699509858304
1287904699610550272
1287904700172587010
1287904700390445056
1287904700499668992
1287904701569269763
1287904701766406146
1287904701984509953
1287904702064201728
1287904702387167233
1287904702688948224
1287904702948970496
1287904702936616963
1287904703561359361
1287904703636881409
1287904704052297728
1287904704287170561
1287904704488497154
1287904704714940416
1287904705822232576
1287904706120097793
1287904706237353985
1287904706589687809
1287904706824531968
1287904707101339648
1287904708175310849
1287904708280164359
1287904708284297221
1287904708988776448
1287904709282414592
1287904709274218497
1287904709177638912
1287904709668347905
1287904709693636608
1287904709802524672
1287904710104690688
1287904710876372993
1287904710926782465
1287904710993809416
1287904711014854657
1287904711602057219
1287904711849410562
1287904712415752194
1287904712638042114
1287904713187274753
1287904713720180736
1287904713879379968
1287904714022100992
1287904714206711808
1287904714042949633
1287904714844241921
1287904715456385024
1287904715993473024
1287904716047908867
1287904716488413187
1287904716601675779
1287904716899397632
1287904717251719175
1287904717494980611
1287904717863972864
1287904718853898242
1287904719155924992
1287904719755792385
1287904719839596545
1287904720171008002
1287904720405880832
1287904720607227907
1287904721055997952
1287904721085267971
1287904722150543360
1287904723027329024
1287904723278782464
1287904723811602433
1287904723820044288
1287904724017197058
1287904724386058241
1287904724398858242
1287904724575047685
1287904724398809089
1287904724855947264
1287904724923158534
1287904725086752768
1287904725694926854
1287904725984108544
1287904726474948608
1287904727443873794
1287904728127606784
1287904728140132353
1287904728257568770
1287904728375066624
1287904728731590657
1287904728865746946
1287904728903491588
1287904728978829312
1287904729092120576
1287904729293619203
1287904729524088832
1287904730036019203
1287904730417512448
1287904730484813826
1287904730560299009
1287904731239571457
1287904731239559168
1287904731445297152
1287904731495428096
1287904731826774016
1287904731902480388
1287904732149944321
1287904732732891136
1287904732980211712
1287904733215170560
1287904733772959745
1287904734163034112
1287904734439931906
1287904734632845313
1287904735064993792
1287904735165591558
1287904735144493056
1287904735102722049
1287904736503627776
1287904736977588225
1287904736939843584
1287904737447145474
1287904738089078791
1287904738009202688
1287904738156183552
1287904738638356481
1287904738785230848
1287904738785271809
1287904739406024711
1287904740001697793
1287904740202799105
1287904740983152643
1287904741293514758
1287904741452926976
1287904741687623680
1287904742509809664
1287904742459547654
1287904742950047745
1287904742908338176
1287904743327768576
1287904743721963521
1287904744179216384
1287904744258895874
1287904744590249984
1287904744543940608
1287904744942559232
1287904745403760641
1287904746695622656
1287904747270238208
1287904747350106112
1287904747287187458
1287904747421347841
1287904747878580228
1287904748121792513
1287904748235042818
1287904748516134912
1287904749447151616
1287904749656973314
1287904750055370753
1287904750244069377
1287904751045218309
1287904751800090624
1287904751888326659
1287904752660078592
1287904753171804161
1287904753637363714
1287904754534948865
1287904754639630336
1287904754933420032
1287904754945990656
1287904755721936897
1287904755780640775
1287904756091035648
1287904756225265666
1287904756560691204
1287904756615327746
1287904756950867968
1287904756996939776
1287904757261246465
1287904757957484544
1287904758053744640
1287904758448230406
1287904758703980545
1287904758951563269
1287904759182229505
1287904759442296832
1287904759916232707
1287904760042061825
1287904760302100480
1287904760134356993
1287904760339877895
1287904760436326401
1287904760704765952
1287904760759115781
1287904760725676035
1287904762608988161
1287904763338797056
1287904763674271745
1287904763829395456
1287904764437639169
1287904764521525249
1287904765108723716
1287904764982734849
1287904765456912385
1287904765796593664
1287904766773858305
1287904767021395968
1287904767071657985
1287904767109365760
1287904767226724352
1287904767751184384
1287904767839281154
1287904768137072641
1287904768619241472
1287904768686526464
1287904768807952385
1287904769424732160
1287904770728947712
1287904770792005639
1287904771177881600
1287904771479949313
1287904771970666496
1287904772134014976
1287904772163620865
1287904772092121088
1287904772553445376
1287904772620681216
1287904772801142791
1287904772998275073
1287904773052801026
1287904773023379458
1287904773425917952
1287904773468041218
1287904773568712704
1287904773778399234
1287904774248161280
1287904774457704448
1287904775044861952
1287904775087030273
1287904775342825472
1287904775326105602
1287904775464517638
1287904776064245760
1287904776198463492
1287904776177557509
1287904776294932480
1287904776349523973
1287904776735338496
1287904777096003585
1287904777360334850
1287904778316652555
1287904778417127424
1287904779247554561
1287904779339993088
1287904779327270912
1287904780170526720
1287904780350758913
1287904780652883968
1287904780774453249
1287904780858167296
1287904780904325120
1287904781680377856
1287904781818683392
1287904782347317248
1287904782796165121
1287904782884073472
1287904783085576192
1287904783077191680
1287904783454461953
1287904783794233346
1287904784134144008
1287904784394022913
1287904784348065792
1287904784515846145
1287904784834600963
1287904785673445376
1287904786130653184
1287904786810052608
1287904787158228992
1287904787632140289
1287904787854430210
1287904787879596033
1287904788164665344
1287904788357709825
1287904789104295941
1287904788991090688
1287904789339275264
1287904790165557256
1287904790156992512
1287904790391820288
1287904790559821826
1287904790735982592
1287904790723407872
1287904790673055746
1287904791050350593
1287904791079858181
1287904791449030657
1287904791474053120
1287904791734214664
1287904791918710785
1287904792220700672
1287904793055440902
1287904793264918528
1287904793244184581
1287904793751502848
1287904793831395335
1287904794418515975
1287904794896736258
1287904795429396480
1287904795488129025
1287904795693547522
1287904795769147392
1287904795962023936
1287904796121284608
1287904796461150209
1287904796851281926
1287904796746420224
1287904797056733186
1287904797115518977
1287904796624719872
1287904797245558784
1287904797581086721
1287904797622968320
1287904798382198785
1287904798797262848
1287904798898032640
1287904799204114432
1287904799531372546
1287904799988387841
1287904800408064009
1287904801460609024
1287904801494188032
1287904801477533696
1287904801548668928
1287904801640992769
1287904801813139464
1287904801964032000
1287904802500993028
1287904802714812418
1287904802836328448
1287904802974949380
1287904803352346624
1287904803386007553
1287904803763499009
1287904803767689217
1287904804304551939
1287904804510072832
1287904804539375626
1287904804694634499
1287904804463882243
1287904805080510465
1287904805000806401
1287904805076295680
1287904805579567104
1287904805701079040
1287904806342807552
1287904806246526976
1287904806896570369
1287904806997118976
1287904806904958976
1287904807039070208
1287904807207022592
1287904807265632256
1287904807450181632
1287904808108785672
1287904808087756800
1287904808377241606
1287904808511377408
1287904808909844480
1287904809018896386
1287904809517907968
1287904809681551361
1287904809790648322
1287904810138820609
1287904810549882880
1287904810549862400
1287904810948333569
1287904810948329472
1287904811233480704
1287904811195793408
1287904811975925764
1287904812307283974
1287904812668002305
1287904812881903617
1287904813284560898
1287904813985005571
1287904814307913729
1287904814362435585
1287904814379290626
1287904814517682178
1287904815322812417
1287904815453020160
1287904815973007360
1287904816069476353
1287904817441103872
1287904817587814401
1287904817554300930
1287904818053304321
1287904818053488641
1287904818594557953
1287904818640482304
1287904819106250752
1287904819404058624
1287904819475369984
1287904819802513413
1287904820200984576
1287904820628729857
1287904821224382464
1287904821589102592
1287904821723500546
1287904822117699586
1287904822507769857
1287904822688063489
1287904822839119872
1287904822902116354
1287904823367602177
1287904823711543298
1287904823669473282
1287904823862534145
1287904823887704064
1287904824269340676
1287904824168796165
1287904824915238913
1287904825057959936
1287904825120706562
1287904824827228163
1287904825255120898
1287904825762385925
1287904825686933504
1287904825829539840
1287904826337251332
1287904826425315329
1287904826504904706
1287904826412748811
1287904827171680256
1287904826576306183
1287904828342050827
1287904828417437697
1287904828543254528
1287904829403209729
1287904829822636032
1287904829713465344
1287904829797539842
1287904830397329411
1287904830443356160
1287904831114481664
1287904831106093061
1287904831433084934
1287904831840100353
1287904832087633920
1287904832276312065
1287904832381165569
1287904832234442753
1287904832607653888
1287904832678846464
1287904832691421185
1287904832813060097
1287904832993390592
1287904833144360962
1287904833408770048
1287904833966690304
1287904835010875393
1287904835052822528
1287904835711442944
1287904836458078208
1287904836416151552
1287904837649207296
1287904837636628486
1287904837896527872
1287904837972062210
1287904838119043073
1287904838223671296
1287904838408237057
1287904838748119043
1287904838987153411
1287904838970298368
1287904839079428096
1287904839259889670
1287904839792394242
1287904839943335936
1287904840321052673
1287904840287281153
1287904841004494848
1287904841138937856
1287904841612787714
1287904841876901888
1287904842392973314
1287904842250358784
1287904842372001792
1287904842984370177
1287904843101806593
1287904843257073666
1287904843844075520
1287904844272021506
1287904844662046721
1287904844578205698
1287904845383565312
1287904845974974464
1287904845832187904
1287904846222258176
1287904846742458368
1287904847002558466
1287904847577178112
1287904848000753665
1287904848386707463
1287904848474759173
1287904848357318661
1287904848600391680
1287904848898392064
1287904848973832194
1287904849464623104
1287904849577816064
1287904849858879488
1287904850093670402
1287904850324393989
1287904850546761729
1287904850639028225
1287904850869657601
1287904850995421184
1287904851159060480
1287904851163336705
1287904851263815680
1287904851607687168
1287904851649757185
1287904851809185793
1287904851788091397
1287904852144721920
1287904852534853633
1287904852799094785
1287904852991864833
1287904853260468226
1287904853394485249
1287904853813936128
1287904853960859650
1287904854497796097
1287904855193944067
1287904855177273344
1287904855210819584
1287904855869317124
1287904856376737792
1287904856498348032
1287904856687235077
1287904856892727297
1287904857156919298
1287904857563844610
1287904858293407744
1287904858432049152
1287904859048607744
1287904859262517257
1287904859308654598
1287904859384053761
1287904859526750208
1287904859719643136
1287904859702861830
1287904860575326210
1287904860671807488
1287904860684390405
1287904861649096705
1287904861703622656
1287904862022311936
1287904862517125122
1287904853046460417
1287904862844272640
1287904863192580097
1287904863364493314
1287904863490318336
1287904863553228800
1287904863527952384
1287904863561621506
1287904863695843328
1287904863645573121
1287904863758831616
1287904864031444992
1287904864979374094
1287904865189015552
1287904867063861249
1287904867370045440
1287904867969728512
1287904868141879297
1287904868628406273
1287904868255096832
1287904869232316419
1287904869517590531
1287904870100602882
1287904870826115072
1287904871648174081
1287904871593717760
1287904872042463232
1287904872420069381
1287904872478588928
1287904873133072385
1287904874076622848
1287904874701742080
1287904875385421826
1287904875573989377
1287904876048130048
1287904876094279682
1287904877000065024
1287904877222309893
1287904877461397504
1287904878631817217
1287904878992515073
1287904879042793473
1287904879344857097
1287904851603726338
1287904879709544448
1287904879696965633
1287904880145776641
1287904880204668929
1287904880196112384
1287904880695422977
1287904880762531843
1287904880846413824
1287904881118978049
1287904881110441984
1287904881152581632
1287904881173553154
1287904881332883457
1287904881559257088
1287904881865441280
1287904882108911616
1287904882121306114
1287904882805145600
1287904883044220934
1287904883031539712
1287904883262271490
1287904883845279745
1287904884621287425
1287904884843585539
1287904885715992577
1287904885883756545
1287904885921415169
1287904886189961218
1287904886311383040
1287904886965895168
1287904887116828680
1287904887771193349
1287904888064802830
1287904888291299329
1287904888601473024
1287904888941240320
1287904889398595587
1287904890233262081
1287904890421903367
1287904890476531712
1287904890677854210
1287904890707214337
1287904891130777603
1287904891382398976
1287904891353075715
1287904891462201345
1287904891659104259
1287904891730624518
1287904891915173889
1287904892116500483
1287904892598849537
1287904893215207424
1287904893240512512
1287904893429116929
1287904893609680896
1287904893957582850
1287904894096203776
1287904894259589120
1287904894318510085
1287904894595133440
1287904895060901891
1287904895434072064
1287904895685648384
1287904895740317697
1287904895819853825
1287904895937519616
1287904895958429697
1287904895937523712
1287904896126201856
1287904896101027846
1287904896281243648
1287904896386314241
1287904897287901185
1287904897925603328
1287904898047188992
1287904898382737408
1287904898986782720
1287904899305541632
1287904899414413313
1287904899473330176
1287904899573755905
1287904899624247296
1287904900031164416
1287904900060504064
1287904900295331841
1287904900500860930
1287904901448847367
1287904901574602757
1287904901574483968
1287904902874710016
1287904903419977729
1287904903554367488
1287904904875577351
1287904905538215936
1287904906087731202
1287904906297434117
1287904906846838785
1287904907127816192
1287904907215933440
1287904907916275712
1287904908016934912
1287904908197400577
1287904908360916993
1287904908436320256
1287904909518614530
1287904909820559361
1287904910093062144
1287904910340763650
1287904910462205952
1287904910386909184
1287904910550458369
1287904910923771905
1287904911733260289
1287904912089776135
1287904912064512000
1287904912303706112
1287904912337117185
1287904912496451584
1287904912563736576
1287904912639057920
1287904912962134018
1287904913310330882
1287904913616510982
1287904913738158080
1287904913981353985
1287904913889034240
1287904914165895168
1287904914593714176
1287904914954498048
1287904915231141888
1287904915302633473
1287904915520724995
1287904915751350277
1287904915810131968
1287904915751350278
1287904917085134848
1287904917076811777
1287904918070648832
1287904919425613825
1287904919522021377
1287904919505207302
1287904919958237187
1287904920314806277
1287904920868466688
1287904921216413697
1287904921459863558
1287904921979953157
1287904921862516737
1287904922034413569
1287904922479005696
1287904922575474689
1287904922634260480
1287904923015839752
1287904923544420354
1287904924408467457
1287904924638957569
1287904926002290688
1287904926211944448
1287904927264759810
1287904927302524928
1287904928825053189
1287904928724209664
1287904929089114112
1287904929131134983
1287904929563066370
1287904929416392704
1287904930540527618
1287904930481811458
1287904931165409280
1287904931312263168
1287904931429715968
1287904931610013705
1287904931630858240
1287904931572113408
1287904931597422592
1287904931995885569
1287904932113395712
1287904932306333699
1287904932407005184
1287904932511834114
1287904932876759042
1287904933342113792
1287904933677867008
1287904933728133120
1287904933811896321
1287904933602238465
1287904934495760386
1287904934575443971
1287904934986420224
1287904935045140481
1287904936026488833
1287904936521609216
1287904936638976000
1287904937158914048
1287904937444364289
1287904938056650753
1287904938786320384
1287904939205898240
1287904939344384000
1287904939453427715
1287904939788906497
1287904940137078784
1287904940350935040
1287904940782845952
1287904941701554176
1287904941961392129
1287904942477512704
1287904942930432000
1287904942771052545
1287904943962116097
1287904944184537088
1287904944545083394
1287904944540942336
1287904945040171008
1287904945065336832
1287904945128251392
1287904945669378051
1287904946516566017
1287904947036717062
1287904948060127232
1287904948517081088
1287904948773158912
1287904948819234817
1287904949012058112
1287904950052257792
1287904950119358464
1287904950568198144
1287904950522191872
1287904951084212225
1287904951985938434
1287904953109970945
1287904953642766336
1287904953688829953
1287904953848168450
1287904954112331776
1287904954213179402
1287904954468966400
1287904954506719232
1287904954493972482
1287904954628354048
1287904955207016448
1287904955320410123
1287904955647565824
1287904955693588480
1287904955874017283
1287904956603936768
1287904956612321282
1287904957711122432
1287904957602070529
1287904957887373312
1287904958268964864
1287904958491303936
1287904958415806465
1287904958545891328
1287904958789099520
1287904959074390016
1287904958990503936
1287904959426523136
1287904959707656193
1287904959732895744
1287904959829344258
1287904959980277760
1287904960361963520
1287904960651370496
1287904960886247426
1287904960794034176
1287904961418985478
1287904961674657792
1287904961813188612
1287904961830039560
1287904962018717697
1287904962807312386
1287904962870009856
1287904963381702656
1287904963394445313
1287904963717287936
1287904963960569856
1287904964002500609
1287904964505894912
1287904964384153601
1287904964837289986
1287904964895883264
1287904964896067585
1287904965437136897
1287904966544207872
1287904966531842048
1287904966645030914
1287904967593013250
1287904967865634816
1287904967949537282
1287904968251281408
1287904968360579073
1287904968461160449
1287904968628776960
1287904969304109056
1287904969581113344
1287904970025533442
1287904970004725763
1287904970776489985
1287904970906402816
1287904971183263744
1287904971690835969
1287904972164694016
1287904972240191489
1287904972680474624
1287904972714266624
1287904973452455943
1287904973511155714
1287904972974231552
1287904973540462593
1287904974228221953
1287904974492643331
1287904974903574528
1287904974664421377
1287904974815596550
1287904975163543557
1287904976048513024
1287904975822237697
1287904976027738112
1287904976212127744
1287904976661098497
1287904976736591873
1287904977357242368
1287904977814466561
1287904978393153536
1287904979148251136
1287904979592908801
1287904979735511040
1287904980238704643
1287904980431765504
1287904981480333312
1287904981618528262
1287904982356770816
1287904982256308231
1287904982436581378
1287904982881177605
1287904982868557824
1287904983296413698
1287904983279710220
1287904983426506752
1287904983778697216
1287904984252678144
1287904984491679745
1287904984814755845
1287904986232479745
1287904986366652419
1287904986467201025
1287904986995646465
1287904987033591810
1287904987108892672
1287904987146854411
1287904988065337346
1287904988161875968
1287904988740694018
1287904988971372551
1287904990070075393
1287904990405615616
1287904990548434947
1287904990711832577
1287904990950862848
1287904990800084995
1287904990787440640
1287904991383101440
1287904991554961409
1287904991693410305
1287904992091754496
1287904992393940995
1287904992427483148
1287904992515497984
1287904992662294530
1287904992691728385
1287904993157230592
1287904993807347712
1287904993933242369
1287904994549731334
1287904994981748737
1287904995027963904
1287904995380277249
1287904995841658884
1287904996231708673
1287904996424658951
1287904996768403456
1287904996902735873
1287904998224007168
1287904998505029633
1287904998639230976
1287904998676979713
1287904999457075203
1287904999528263681
1287904999566082049
1287904999658401798
1287904999834554368
1287905000727838722
1287905001050955776
1287905001868627969
1287905002695069698
1287905002904838145
1287905003009642497
1287905003156512771
1287905003395600384
1287905003307491328
1287905003877867521
1287905005052276738
1287905005589209088
1287905005702283264
1287905006130212865
1287905006214172672
1287905006579068928
1287905006662934528
1287905006666919937
1287905006901919744
1287905007237505024
1287905007992479745
1287905007962972160
1287905008277573632
1287905008566988800
1287905008613171200
1287905008785252354
1287905008973996032
1287905009317720064
1287905009439510528
1287905009481461760
1287905009804476421
1287905010504929288
1287905010760785923
1287905010852990976
1287905010907570176
1287905012127956993
1287905012132253696
1287905013382045696
1287905013302325248
1287905013763846149
1287905013847793665
1287905014636134400
1287905014728601612
1287905015101882369
1287905015051554817
1287905015315795973
1287905015483584513
1287905015890358272
1287905016502603778
1287905016536272896
1287905017186443266
1287905018008481793
1287905017983389696
1287905017517813760
1287905018788696067
1287905018968862720
1287905019371630594
1287905019472289800
1287905019644133377
1287905019044470785
1287905019518427137
1287905020768407552
1287905021032529920
1287905021456261121
1287905022039261193
1287905022567563265
1287905022626484225
1287905022563426304
1287905022827732996
1287905022810955778
1287905022991376385
1287905023305940994
1287905023616266242
1287905023977033730
1287905024354418689
1287905024434200582
1287905024463507458
1287905024467771392
1287905024690003970
1287905024945926144
1287905025050775554
1287905025750994944
1287905026258735111
1287905026585899014
1287905026766188544
1287905027282153472
1287905027382824962
1287905027558985731
1287905027462438914
1287905028317954048
1287905028242464768
1287905029219921920
1287905029668720642
1287905030243258370
1287905030461427717
1287905030800986112
1287905030931197952
1287905031082082306
1287905031342166018
1287905031556141057
1287905032239751168
1287905032508235783
1287905033397440513
1287905034009751552
1287905033988632577
1287905034181607424
1287905035074932736
1287905035607855104
1287905036136259585
1287905036270546944
1287905036320878599
1287905036597633024
1287905036807204866
1287905038216699904
1287905038350852097
1287905038690652164
1287905038585790464
1287905038946439168
1287905039001034757
1287905039848296448
1287905040267710464
1287905040628436993
1287905041135947778
1287905041479864321
1287905041890922498
1287905041790181382
1287905042112995328
1287905042465521664
1287905042582757381
1287905042532462592
1287905042767450112
1287905043610468353
1287905043744727040
1287905043732103171
1287905043878940673
1287905044260560897
1287905044256501762
1287905044638003200
1287905045007052800
1287905045069967360
1287905045531578368
1287905046110191617
1287905046584229889
1287905046970224640
1287905047796473862
1287905047859400707
1287905048295542785
1287905049222553602
1287905049419624448
1287905049671274496
1287905050153463809
1287905050698883073
1287905050765987840
1287905051038699525
1287905051483267074
1287905051898310656
1287905052032528385
1287905052200329216
1287905052456128513
1287905053035069440
1287905053320388608
1287905053324578817
1287905053580259328
1287905053848801281
1287905053886554112
1287905054234685442
1287905054196928512
1287905054389919744
1287905055421726736
1287905056239620096
1287905056910647296
1287905057539842048
1287905057606967297
1287905058617794560
1287905058919604225
1287905059251003392
1287905059314040833
1287905060173697025
1287905060974931969
1287905061138567169
1287905061625106432
1287905061990014977
1287905062157721606
1287905062841393153
1287905062845419522
1287905063156023296
1287905063633956864
1287905063827013633
1287905064506589186
1287905064485617672
1287905064615473152
1287905065035079682
1287905065244786688
1287905065500540929
1287905065974378496
1287905066318540803
1287905066704416769
1287905067161587713
1287905067937533953
1287905068289794054
1287905068415619073
1287905068788875264
1287905068856025088
1287905069187334145
1287905069220978689
1287905070223433730
1287905070378635264
1287905070923874308
1287905071074701312
1287905071397834752
1287905071775145985
1287905071993249792
1287905072081494017
1287905072072937472
1287905072874168320
1287905073230761985
1287905073817964545
1287905073838739457
1287905074442678272
1287905075369848833
1287905076095250436
1287905076669947904
1287905077068431360
1287905077995474946
1287905078351986690
1287905078897254401
1287905078842724356
1287905078846791680
1287905079031455745
1287905079215955969
1287905079505412097
1287905079358521352
1287905079639646208
1287905079857745920
1287905080113418240
1287905080264597507
1287905080293748736
1287905080704933888
1287905080855990273
1287905080851738624
1287905080998539265
1287905080985845762
1287905081417965568
1287905082621730821
1287905082730635264
1287905082936262657
1287905082940563456
1287905082898432000
1287905083682779136
1287905084769271813
1287905084823810051
1287905084874129417
1287905085335404550
1287905086040145922
1287905086300135424
1287905086379888642
1287905086514110466
1287905087323623424
1287905087336194048
1287905088137302016
1287905088233598976
1287905088401551363
1287905088518815744
1287905089668120578
1287905090377003008
1287905090930503680
1287905090947420166
1287905091501006848
1287905091891077120
1287905092214165506
1287905092885250055
1287905093233377280
1287905093862526981
1287905094445477888
1287905094609100800
1287905095045259266
1287905095632314369
1287905095838048261
1287905095946891264
1287905096278261760
1287905096538497024
1287905097180049408
1287905097389953024
1287905097717030917
1287905097712832520
1287905098123874306
1287905099554131973
1287905099805790210
1287905099772309505
1287905100070096896
1287905100267225089
1287905100548018176
1287905100749471749
1287905101160439809
1287905101521264640
1287905102066573313
1287905102074871809
