1288270326422556672
1288270327009759237
1288270327022157826
1288270327298928640
1288270327538212864
1288270327613657088
1288270327722717185
1288270327542435842
1288270327848603650
1288270327928193024
1288270328007860224
1288270328448389121
1288270328754470917
1288270329366949888
1288270329689903111
1288270330406948865
1288270330528636929
1288270330792992770
1288270330906079232
1288270330943832064
1288270330977558529
1288270331069845504
1288270331740852224
1288270331812237312
1288270331963203585
1288270332042842112
1288270332533645312
1288270332592304129
1288270332856610816
1288270333032697856
1288270333284429825
1288270333502525440
1288270333745692673
1288270334102253571
1288270333917700096
1288270336438554624
1288270336753106946
1288270336853602305
1288270336933400576
1288270337109499904
1288270337201901568
1288270337315164162
1288270337352900608
1288270337583525889
1288270337684242433
1288270337705115656
1288270337734578177
1288270338237829134
1288270338602594305
1288270338967638016
1288270339441557507
1288270339890282497
1288270339861106688
1288270339999502339
1288270340074999811
1288270340293042176
1288270340431454213
1288270341018546176
1288270341446553600
1288270341450735617
1288270341618507779
1288270341668823041
1288270341672808449
1288270341853175808
1288270341937102848
1288270342310506502
1288270342377496576
1288270342461353984
1288270343082258433
1288270343602348038
1288270343807754240
1288270344327794688
1288270345368219654
1288270346265735168
1288270346358075393
1288270346747928576
1288270347117068288
1288270347188543489
1288270347469492226
1288270347532304384
1288270347628814336
1288270347612180486
1288270347708456960
1288270347872108546
1288270348283240448
1288270348153057280
1288270348375465986
1288270348824326150
1288270348849356800
1288270348887236609
1288270349147295744
1288270349298216960
1288270349814177792
1288270349822562305
1288270349658882049
1288270350040662018
1288270350149660673
1288270350854176768
1288270351219036160
1288270351621853186
1288270352121036802
1288270352372686848
1288270353358364677
1288270353664479232
1288270353995890689
1288270354243366915
1288270354775969798
1288270354838773763
1288270354620784640
1288270355568762880
1288270355631677440
1288270355543609344
1288270355820417031
1288270356025880579
1288270356218892290
1288270356185264137
1288270357653262336
1288270358064312321
1288270358513164289
1288270358680932352
1288270358806700032
1288270358802440195
1288270359339257856
1288270359595298821
1288270359633055746
1288270360027308038
1288270360148942848
1288270360316649472
1288270360677355521
1288270361193320448
1288270361247744001
1288270361407238145
1288270362074128384
1288270362082508800
1288270362174660609
1288270362208120833
1288270362367520768
1288270362891948034
1288270362975903751
1288270363223379969
1288270363336544258
1288270363596644352
1288270363814748160
1288270363982348288
1288270364343181318
1288270364473057280
1288270365026729984
1288270365068845056
1288270365102399488
1288270365790220289
1288270365656055813
1288270366012579840
1288270366444597248
1288270366784122882
1288270367065288706
1288270367211978752
1288270367497347074
1288270367757234177
1288270367820218368
1288270368680148992
1288270368873033728
1288270369317625856
1288270369527410690
1288270369594445831
1288270369653219328
1288270369741316096
1288270369850155008
1288270369909100544
1288270370039103489
1288270370475302918
1288270370945019915
1288270370793861120
1288270371288907776
1288270371477770240
1288270371481726978
1288270371620376577
1288270371917950976
1288270371955900419
1288270372236865536
1288270372589178885
1288270372765237248
1288270373876891648
1288270374434672642
1288270374493331457
1288270374531104773
1288270374594121728
1288270375319752706
1288270375403610113
1288270375541932032
1288270375760125955
1288270375818682370
1288270376074645504
1288270376032772096
1288270376389271557
1288270376389226496
1288270376917766144
1288270377374949376
1288270377609826305
1288270377760591874
1288270377710485509
1288270378222194699
1288270378414956544
1288270378494824450
1288270378566135808
1288270379396542469
1288270379560185862
1288270379648073729
1288270379925078021
1288270380122202120
1288270380487122946
1288270380558422016
1288270381451796481
1288270381648928768
1288270381774540802
1288270382038945792
1288270382017978368
1288270382345195520
1288270382483611660
1288270382491930625
1288270382584279040
1288270382651367424
1288270382726811648
1288270383297175552
1288270383502831617
1288270383511044096
1288270383699943426
1288270383834177538
1288270383704158210
1288270384161329152
1288270384345702400
1288270384429764610
1288270385280987136
1288270385734127616
1288270386359042048
1288270387118211077
1288270387265011713
1288270387927748614
1288270388280074243
1288270388493836289
1288270388988911617
1288270389412532224
1288270389538299904
1288270389500510209
1288270389697806336
1288270390251393024
1288270390175977472
1288270390268239873
1288270390490550275
1288270391673270277
1288270392004575235
1288270392310796290
1288270392340209665
1288270392377909248
1288270392612642816
1288270392814174208
1288270393699115008
1288270394680659968
1288270395053924353
1288270395469189121
1288270395565576194
1288270395469160449
1288270395947257862
1288270396748308480
1288270396907757568
1288270397021061121
1288270397193039872
1288270397901873153
1288270398480556032
1288270398631501824
1288270398744866823
1288270398941995008
1288270398975508481
1288270400019865601
1288270400280027138
1288270400292392962
1288270400481189889
1288270400669937670
1288270401236275200
1288270401341194242
1288270401672343552
1288270401752174593
1288270401806704642
1288270402406547461
1288270402347659264
1288270402544898049
1288270402687578115
1288270403115397125
1288270403379646465
1288270403899731968
1288270404004569088
1288270404231081986
1288270404356734976
1288270404436533248
1288270404574904325
1288270404633546752
1288270404956467200
1288270405166301184
1288270405359280129
1288270405640355840
1288270405636182016
1288270405774577664
1288270406009454592
1288270405900222464
1288270406986731521
1288270407213223936
1288270407888523265
1288270408547016704
1288270408744148998
1288270408828026881
1288270409205456900
1288270409410981888
1288270410262310912
1288270410392514560
1288270410342109192
1288270410375745536
1288270410488909825
1288270410493157378
1288270410665152516
1288270411487207424
1288270411915046914
1288270413114552322
1288270413131395072
1288270413278203904
1288270413521330178
1288270414645325824
1288270414838472705
1288270415245332480
1288270415324950533
1288270415966670848
1288270416168067073
1288270416222593024
1288270416507789320
1288270416767852545
1288270416914546689
1288270417120157697
1288270417908490242
1288270418017755136
1288270418080681985
1288270418298765317
1288270418248261633
1288270418336342016
1288270418663608321
1288270418646913025
1288270418785316865
1288270419091390465
1288270419305218048
1288270419355561984
1288270419305234433
1288270419682877441
1288270420102090752
1288270420706197505
1288270421176070145
1288270421180252161
1288270421301878784
1288270421771661312
1288270421830377472
1288270422329438209
1288270422417514496
1288270422358843393
1288270422782414848
1288270422753058817
1288270423122214917
1288270423117840386
1288270423805906947
1288270423793303554
1288270424053288961
1288270424216920064
1288270424435040256
1288270424590229506
1288270425542123520
1288270426519601156
1288270426616090627
1288270426712559618
1288270427329044480
1288270428142616576
1288270428486742016
1288270428918734855
1288270428918562817
1288270429350756353
1288270429438840832
1288270429841498115
1288270430047019009
1288270430852263937
1288270431343054848
1288270431393284103
1288270431527612417
1288270432089579520
1288270432643227648
1288270433049931776
1288270433058463745
1288270433570058241
1288270433830174721
1288270433863659520
1288270433884741634
1288270433767141377
1288270434002141189
1288270434564284416
1288270434656550912
1288270435839119360
1288270435940020224
1288270436036423680
1288270436170637313
1288270436162183169
1288270436476878849
1288270436703170560
1288270437097644033
1288270437353283584
1288270438263664641
1288270438771163138
1288270439156875266
1288270439647776770
1288270440356392960
1288270440549486593
1288270440683769858
1288270440826376199
1288270440826384385
1288270440809598978
1288270441208057856
1288270441266774023
1288270441489076224
1288270442424340480
1288270442395049984
1288270442508234753
1288270442877329408
1288270443678445579
1288270443829497856
1288270443816853506
1288270443871436802
1288270444462854144
1288270444672368640
1288270444592799750
1288270444932587523
1288270445247188997
1288270445540769793
1288270445574266888
1288270445846786048
1288270445972602881
1288270446006239232
1288270446148947968
1288270446182518784
1288270446404734982
1288270446597681153
1288270446727659523
1288270447075831818
1288270447335759873
1288270447352721409
1288270447822295040
1288270448095002624
1288270448288059393
1288270448493568000
1288270449093177345
1288270449210687489
1288270449676365825
1288270449839931393
1288270450225745923
1288270450427072512
1288270450800435204
1288270450821226496
1288270450951360512
1288270451140186112
1288270449575632897
1288270451144179712
1288270451291160577
1288270451551145984
1288270451957993472
1288270452088020994
1288270452440391682
1288270452712849408
1288270452662497280
1288270452746522629
1288270452759158784
1288270452960501761
1288270453061095424
1288270453220478976
1288270453266624520
1288270453740576768
1288270453996478469
1288270454013263880
1288270453992075265
1288270454130647042
1288270454940213248
1288270455279947776
1288270455862829057
1288270455934038016
1288270456081076225
1288270456248827904
1288270456471027713
1288270457372848129
1288270457846640640
1288270458308169729
1288270458266308610
1288270458605858817
1288270458886881282
1288270459004493824
1288270459281252352
1288270459801407490
1288270460178894848
1288270460287737858
1288270461286088706
1288270461781053441
1288270462359724032
1288270462624161798
1288270462686904321
1288270462678470657
1288270463182032898
1288270463173455875
1288270463332950017
1288270463492329473
1288270463681077251
1288270464016461824
1288270464205434880
1288270464264089601
1288270464876503047
1288270465090220032
1288270465241317382
1288270465300078592
1288270465199374338
1288270465660866565
1288270466017193984
1288270466038272006
1288270466096852992
1288270466193424384
1288270466075877376
1288270466289983493
1288270466419961856
1288270466638118914
1288270467133067265
1288270467317596160
1288270467334316032
1288270467414073349
1288270467611025408
1288270467820736512
1288270468001271808
1288270468152205314
1288270468353417216
1288270468361916416
1288270468471033858
1288270468747673601
1288270469129527296
1288270469553160193
1288270469741912070
1288270469825572864
1288270469993504776
1288270470207483904
1288270471134351362
1288270471197265920
1288270471193034752
1288270471624966144
1288270472782716934
1288270472887652353
1288270473248219136
1288270473432834054
1288270473793605632
1288270473940197376
1288270474057834496
1288270474548514816
1288270474678546432
1288270474850574340
1288270475068612608
1288270475362271240
1288270475328655362
1288270475760549889
1288270475869773824
1288270476075302912
1288270476553289729
1288270476733808640
1288270476985479168
1288270477404844040
1288270477719490560
1288270478130511873
1288270478298292227
1288270478411313153
1288270478327480320
1288270478478540801
1288270478591717376
1288270478742654978
1288270478717657091
1288270479330025472
1288270479481098241
1288270480156299265
1288270480215072768
1288270480466677760
1288270480777109504
1288270480898772993
1288270481020334081
1288270481460781057
1288270481515139073
1288270482312134656
1288270482341470208
1288270482932822017
1288270482953961472
1288270482949644288
1288270484061196290
1288270484577157121
1288270484845584384
1288270485504110594
1288270485730529281
1288270486028169216
1288270486149840898
1288270486447816704
1288270486716264448
1288270487320178690
1288270487420887041
1288270487798403072
1288270487924043776
1288270487974547456
1288270487982936064
1288270488217825281
1288270488242917376
1288270488339349504
1288270488972689408
1288270489056694274
1288270489144528897
1288270489459150848
1288270489597677568
1288270490801512456
1288270491044716545
1288270491287818240
1288270491304644608
1288270491501895681
1288270491602636806
1288270491816525826
1288270491900313600
1288270491938168833
1288270492164554757
1288270492307263489
1288270492617646080
1288270492772831233
1288270492848148480
1288270492999221253
1288270493158498305
1288270493297053698
1288270493376630784
1288270493854961666
1288270493976596486
1288270494647627776
1288270494609944576
1288270495125614592
1288270495226269696
1288270495469764608
1288270495482122240
1288270495947862016
1288270496010772483
1288270496346365953
1288270496543449089
1288270496530870275
1288270496916635648
1288270497613074433
1288270497998929926
1288270498246295554
1288270498493861888
1288270497956995074
1288270499324157952
1288270499395510273
1288270499663900672
1288270500083441665
1288270500108656645
1288270500284764160
1288270500653928450
1288270500725170176
1288270500846862343
1288270500846804996
1288270501039742978
1288270501366898688
1288270501283008517
1288270501861707776
1288270501962485762
1288270501840855042
1288270501920616449
1288270502923046914
1288270502767874049
1288270503623495686
1288270503711518720
1288270503803867136
1288270503925501954
1288270504156176387
1288270503942053888
1288270504315428865
1288270504370085889
1288270505020203009
1288270505049501697
1288270505016004610
1288270505431068673
1288270505963790336
1288270506098143232
1288270506152665088
1288270506689527811
1288270506928549889
1288270507071111169
1288270507960401921
1288270508077780996
1288270509231296512
1288270509550055426
1288270509550051329
1288270509768155136
1288270510019813379
1288270510036574209
1288270510590177297
1288270511223513094
1288270511311593473
1288270511647072256
1288270511819169792
1288270511806525440
1288270511835959296
1288270512100126720
1288270512456470528
1288270512594890753
1288270513056493573
1288270513375268867
1288270513811230720
1288270513891139585
1288270514058862592
1288270513949880323
1288270514792914946
1288270514822291457
1288270515065380864
1288270515132682241
1288270515103305728
1288270515853864961
1288270515971543040
1288270516147695616
1288270516231569408
1288270516541747201
1288270516625633281
1288270516923457536
1288270517015916544
1288270517477076993
1288270517804261376
1288270517145870336
1288270517867286528
1288270510388912129
1288270518362177536
1288270518626455553
1288270514830618625
1288270518853001222
1288270518940966919
1288270518513274882
1288270518794117121
1288270519431659520
1288270520174153729
1288270520509591553
1288270521004707840
1288270510263083011
1288270521063354368
1288270521092788224
1288270521499561984
1288270521595883520
1288270521650511878
1288270521524719617
1288270514050543616
1288270521121955841
1288270511793934337
1288270522409611264
1288270511953399809
1288270520710914048
1288270522971824130
1288270522963427328
1288270523206696960
1288270523210911744
1288270517712060416
1288270515145019392
1288270524792020992
1288270525047795712
1288270525387636739
1288270525438078977
1288270525609865216
1288270525987512321
1288270526423552005
1288270527065456640
1288270527115808768
1288270527702982658
1288270528021704705
1288270528118009856
1288270528235667459
1288270528504111105
1288270528424206336
1288270528692793346
1288270529015644161
1288270529686679553
1288270529871446023
1288270529854681089
1288270530148147200
1288270530274103296
1288270530798399489
1288270530894639104
1288270531427307520
1288270531721125890
1288270532002160641
1288270532224393217
1288270532786429953
1288270533251993607
1288270533495263237
1288270533541474304
1288270533797150720
1288270534543904769
1288270534581669889
1288270534837440513
1288270534975713286
1288270535223382016
1288270535164600322
1288270535802093569
1288270536313671680
1288270536276140032
1288270536590741505
1288270536846475266
1288270537467351040
1288270537446301696
1288270537819664385
1288270537781850112
1288270538281033728
1288270538704654336
1288270539937718272
1288270540793188353
1288270541061681153
1288270542001315843
1288270542529859585
1288270542903087108
1288270542857023488
1288270543179964417
1288270543305822208
1288270543448354818
1288270543653867521
1288270544354324481
1288270544543125509
1288270544643620864
1288270545625075713
1288270545742512129
1288270545901977600
1288270546095005699
1288270546900197377
1288270546900324355
1288270547206451202
1288270547164499969
1288270547277750272
1288270547298656256
1288270547403411456
1288270547760099328
1288270547739193347
1288270547856523265
1288270548041175045
1288270548452220929
1288270548699668482
1288270548946968576
1288270549261508608
1288270550113148928
1288270550272552962
1288270550322884608
1288270550360625153
1288270551006552069
1288270551203508224
1288270551291760646
1288270551849545729
1288270551971246084
1288270552218689538
1288270552608591872
1288270552684265473
1288270552805847041
1288270552873029632
1288270553078366208
1288270553451618305
1288270553632055296
1288270553825107968
1288270554290696192
1288270554420539392
1288270554743660544
1288270555767025664
1288270556001779713
1288270556123594758
1288270556383584256
1288270557495152640
1288270557893386242
1288270558380134401
1288270558396899329
1288270558174609409
1288270558497398784
1288270558539526146
1288270558619107336
1288270558581403649
1288270558757609476
1288270558648512516
1288270559357231104
1288270559382364163
1288270559990751232
1288270560145952768
1288270560141746176
1288270560292675591
1288270560858902529
1288270561169350661
1288270561207111680
1288270561433591808
1288270562196848641
1288270562729644032
1288270562821730304
1288270563199393793
1288270563677368321
1288270563597643777
1288270563811696642
1288270564243550208
1288270564235382785
1288270564608618497
1288270564683993088
1288270565233451008
1288270565606862849
1288270565849980929
1288270566412161024
1288270566739177473
1288270567481782272
1288270567859265538
1288270568060575745
1288270568681242624
1288270568635150338
1288270569029296128
1288270569063034880
1288270569125949440
1288270569318883329
1288270569490636801
1288270569943834624
1288270570086445058
1288270570258419713
1288270570623135744
1288270570690433024
1288270570761723904
1288270570954555392
1288270570979840005
1288270572124884992
1288270572301037568
1288270572418469890
1288270572816867329
1288270572833693698
1288270573106352130
1288270573240451074
1288270573315985415
1288270573974573058
1288270574507229194
1288270574461095939
1288270574754594817
1288270574767222784
1288270575056703488
1288270575249498113
1288270575237046273
1288270575467667460
1288270575568183297
1288270576293830656
1288270576398692354
1288270576415461376
1288270576457412610
1288270576981807104
1288270577132810240
1288270577422274562
1288270577984208896
1288270578151956480
1288270578273722368
1288270578697351168
1288270579129294850
1288270579062181893
1288270579418763264
1288270579657842688
1288270579787796481
1288270579825405952
1288270579921850370
1288270580001714176
1288270580140199937
1288270580584787968
1288270580614078465
1288270580685221889
1288270580681248770
1288270580693647366
1288270580957851648
1288270581121667082
1288270581675089921
1288270582174408706
1288270582191136768
1288270582161825792
1288270582543314944
1288270582681939973
1288270582761443328
1288270583554281473
1288270583587672064
1288270583709536256
1288270583566761985
1288270583868710912
1288270584028241937
1288270584095309827
1288270584279904256
1288270583810138112
1288270585106235393
1288270585814974464
1288270586305814528
1288270586444210177
1288270586477776896
1288270586578382848
1288270586976899075
1288270587031367687
1288270587622760452
1288270587744395270
1288270587798999040
1288270587912052737
1288270588365209600
1288270588327337986
1288270588474200064
1288270588587302912
1288270588402905093
1288270588801355778
1288270588985843713
1288270588960595968
1288270589120122880
1288270589300363265
1288270589833228288
1288270589757657090
1288270589803868160
1288270589975834624
1288270590126641152
1288270590424395777
1288270591448014848
1288270591418601480
1288270591598854144
1288270591682842633
1288270592475574273
1288270592630755329
1288270592676900864
1288270592936796162
1288270593121452033
1288270593629061121
1288270593582825476
1288270593914150912
1288270594635706369
1288270595717726210
1288270596405698560
1288270596409659392
1288270596699168769
1288270596745441287
1288270596967550977
1288270597521383427
1288270597638717441
1288270597764648961
1288270597970112512
1288270598343467008
1288270598506975232
1288270598590746625
1288270598435569666
1288270599236792320
1288270599240871936
1288270599278690304
1288270599685537793
1288270601430413312
1288270601480597504
1288270603011731457
1288270602919452687
1288270603817046017
1288270603812651008
1288270603871543297
1288270604005781504
1288270604261625857
1288270604500533248
1288270604919951360
1288270605268254720
1288270605414932480
1288270606245474311
1288270606279024646
1288270606471921664
1288270606702653442
1288270606702714881
1288270606752858112
1288270607721865218
1288270607935844352
1288270608153759744
1288270608518852608
1288270608569184261
1288270609181540352
1288270609504284672
1288270609626038275
1288270609508716546
1288270609676263424
1288270609760301058
1288270609970069505
1288270610221563904
1288270610435457024
1288270610502750209
1288270610620178433
1288270610729181184
1288270610804559872
1288270610922119170
1288270611127644160
1288270611219873792
1288270611354132481
1288270611408707586
1288270611626827778
1288270612050219009
1288270612104978434
1288270612100677632
1288270612721541120
1288270613124124672
1288270613212258304
1288270613489094661
1288270613564600326
1288270613606531072
1288270613438758913
1288270613463867392
1288270614420234247
1288270614776619008
1288270614789226497
1288270614998982658
1288270615124770816
1288270615649157120
1288270615649177600
1288270616131403778
1288270616173457409
1288270616630562816
1288270617255583747
1288270617318498305
1288270617540726784
1288270617725280256
1288270618023079936
1288270618081730560
1288270618035490816
1288270618375446533
1288270618383835138
1288270618593460224
1288270619147145222
1288270619377721344
1288270619562434560
1288270619562389514
1288270619683901441
1288270620267077638
1288270620464119808
1288270620619206656
1288270621164658690
1288270621344796672
1288270621399560199
1288270621504352257
1288270622129360896
1288270622426984451
1288270622590554113
1288270622817042432
1288270622821191682
1288270622833836035
1288270623605743617
1288270624008425472
1288270624021008385
1288270624125865984
1288270624410935296
1288270625039986688
1288270625941798912
1288270626332057600
1288270626440929280
1288270627271512071
1288270628047347712
1288270628030685184
1288270628798246912
1288270629054160897
1288270629754503175
1288270629813342209
1288270630023041024
1288270630027243523
1288270630312435713
1288270630287155200
1288270630966775808
1288270631306498049
1288270632023621636
1288270632019353602
1288270632006955009
1288270632401215488
1288270632531222529
1288270632933904385
1288270633282015233
1288270633873227778
1288270634062143489
1288270633906982912
1288270634070335489
1288270634510942208
1288270634599034882
1288270634615619584
1288270634741628934
1288270635186126856
1288270635395772416
1288270635932823559
1288270636050194433
1288270636217966603
1288270636297719808
1288270636318629888
1288270636662452224
1288270636901707778
1288270637119700997
1288270637614669826
1288270637568528384
1288270638361251840
1288270638722023424
1288270638700875776
1288270638927446018
1288270639065858048
1288270639929921536
1288270639854424067
1288270639846100992
1288270640202625024
1288270640345001984
1288270640693358593
1288270640806592512
1288270640915648514
1288270641351798784
1288270641708306432
1288270641850851329
1288270641972441089
1288270641993592840
1288270642006110217
1288270642043916289
1288270641964212224
1288270642274541571
1288270642282999808
1288270642492694529
1288270642895355905
1288270643188961280
1288270643331465216
1288270643461488641
1288270643847467008
1288270644057178112
1288270644141056005
1288270644250136576
1288270644325560321
1288270644594061312
1288270644497571845
1288270644556136448
1288270644551901184
1288270644518563841
1288270645156089857
1288270645453901824
1288270645692977154
1288270645663473664
1288270645709742081
1288270645789372417
1288270646733090817
1288270647005765632
1288270647093862401
1288270647119024129
1288270647404171266
1288270647471353858
1288270647618084865
1288270647802527744
1288270647869632512
1288270648062746626
1288270648406573056
1288270648930861056
1288270648863633408
1288270648947744768
1288270649404928001
1288270650113527809
1288270650659033088
1288270650784788480
1288270651028123648
1288270651195678722
1288270651460026370
1288270651602608128
1288270651606933506
1288270651690758144
1288270651829235716
1288270651996942344
1288270652198322180
1288270652332441601
1288270652479160320
1288270652604993536
1288270652915568646
1288270652974211079
1288270653078953985
1288270653049774080
1288270653720629248
1288270654173843456
1288270654203101186
1288270654735650816
1288270655046258689
1288270655352340480
1288270655528423424
1288270655964811264
1288270656027623424
1288270656329719809
1288270656442957826
1288270656505810945
1288270656765923328
1288270656887328769
1288270657013387264
1288270657478893569
1288270657613189122
1288270657776766976
1288270657873219584
1288270657982275584
1288270658380668931
1288270658229633025
1288270658611417094
1288270659337019392
1288270659639025669
1288270659907452928
1288270659970367489
1288270659982962693
1288270659794149376
1288270660083621889
1288270660150624256
1288270660419178497
1288270660599517186
1288270660876161024
1288270660846981120
1288270660981018624
1288270661069295616
1288270661270593537
1288270661719392256
1288270661711011840
1288270662566641664
1288270662549688325
1288270662772101127
1288270663329906688
1288270663183024128
1288270664290508800
1288270664311484416
1288270665011716098
1288270665532022784
1288270665678823429
1288270665741672449
1288270666114924544
1288270666815471617
1288270666882355200
1288270666920349697
1288270667763204096
1288270667910086659
1288270668426096640
1288270668677541889
1288270668719689730
1288270668820287488
1288270668929347585
1288270669025812481
1288270669185253378
1288270669764079617
1288270669894103041
1288270670242054145
1288270670477111298
1288270670548197377
1288270670753755136
1288270671248625664
1288270671189925888
1288270672406487041
1288270672674918400
1288270672909697025
1288270673719308290
1288270673970737154
1288270674134523910
1288270674134409216
1288270674562342913
1288270674704859138
1288270674675597313
1288270675174555648
1288270675095040000
1288270675619151877
1288270675959058432
1288270676353146880
1288270676416008192
1288270676726632448
1288270677213093889
1288270677628387329
1288270678039265280
1288270678647595008
1288270678706343943
1288270678844682240
1288270679046053888
1288270679331295232
1288270679574556678
1288270679863746563
1288270680245407744
1288270680442597377
1288270680992165889
1288270681159938048
1288270681231171589
1288270681222844422
1288270681520529409
1288270681789128704
1288270682426609666
1288270682472636417
1288270682573484033
1288270683147923457
1288270683290718208
1288270683265306625
1288270683869339648
1288270684439945219
1288270685257826311
1288270685450772482
1288270685828083713
1288270685945700352
1288270685824000007
1288270686843219969
1288270687128387586
1288270687115911170
1288270687229091842
1288270687690424321
1288270687724015619
1288270688458022912
1288270689078845440
1288270689187790848
1288270689544347650
1288270689661837313
1288270689716391936
1288270690232279041
1288270690248986625
1288270690345537538
1288270690567716864
1288270690961981445
1288270690991460352
1288270691238924289
1288270691834433544
1288270693457690624
1288270693583527937
1288270693780590594
1288270692836933632
1288270694351069185
1288270694946607106
1288270695206715393
1288270695189839872
1288270695491919878
1288270695869427722
1288270696536252417
1288270696687251459
1288270696821522434
1288270697064804352
1288270697207336962
1288270697190522880
1288270697370984450
1288270698843123712
1288270699409227776
1288270699438780418
1288270699455488001
1288270699434586113
1288270699727958016
1288270699832827909
1288270699967188993
1288270700499947520
1288270700567056384
1288270700617371650
1288270701435203584
1288270702152486918
1288270702290886666
1288270702714511366
1288270702823510018
1288270702852931585
1288270702894813186
1288270703305936898
1288270703377211392
1288270703821836288
1288270704291479552
1288270704702521344
1288270704866140162
1288270704954220548
1288270705419857923
1288270705784754176
1288270706376159232
1288270706392825863
1288270706459815936
1288270706745257986
1288270707059830785
1288270707353243648
1288270707361603585
1288270707449835520
1288270707487469568
1288270707613478914
1288270708129189888
1288270708095610880
1288270708242444288
1288270708242558981
1288270708460720129
1288270709265899521
1288270709832089600
1288270710306156545
1288270710402621441
1288270710415265793
1288270710570459138
1288270711325446148
1288270711476363265
1288270711627198471
1288270711929200640
1288270712101384193
1288270712155918337
1288270712462024711
1288270712575270912
1288270712818597888
1288270713967841282
1288270714244673537
1288270714311589889
1288270714341031942
1288270714852782080
1288270714873634816
1288270715498582016
1288270715641307138
1288270715746242565
1288270715645497344
1288270716044025859
1288270716094357506
1288270716056543233
1288270716098564104
1288270716366778368
1288270716891099136
1288270716916256768
1288270717293928449
1288270717893709824
1288270717977583616
1288270718103420929
1288270718262587392
1288270718665396224
1288270718820638725
1288270719223312384
1288270719437111297
1288270720229937152
1288270720422694912
1288270720716296193
1288270720603168768
1288270720926199810
1288270721102180354
1288270721341423616
1288270721748099073
1288270721895018497
1288270722121564161
1288270722092023808
1288270722322911233
1288270722943586304
1288270723220291585
1288270723862192128
1288270724059340802
1288270724269068291
1288270724289957889
1288270724638150657
1288270724696879106
1288270724671700994
1288270725048987649
1288270725476835330
1288270725447655425
1288270725560836102
1288270725628010498
1288270725820878856
1288270726114549760
1288270726227791875
1288270726332665856
1288270727066423297
1288270727280459776
1288270727301476356
1288270727485861888
1288270727573958656
1288270727813136384
1288270727876157441
1288270728429797381
1288270729180585984
1288270729188986881
1288270729365135361
1288270729553670144
1288270729721589760
1288270729864187905
1288270729721643008
1288270730195607552
1288270731034460161
1288270731097321473
1288270731122442242
1288270731302903813
1288270732250816513
1288270732288434176
1288270732376461312
1288270732644974599
1288270732946837507
1288270733035085825
1288270733051940877
1288270733253238786
1288270733215272960
1288270733815185408
1288270733794304006
1288270734108827653
1288270734704250880
1288270734708490240
1288270735010607104
1288270735937605632
1288270735941738497
1288270736403070977
1288270736461901825
1288270736570933256
1288270736830996482
1288270737082658816
1288270737250426880
1288270737321623552
1288270737434914816
1288270737967648770
1288270737971716096
1288270737942491137
1288270738227683328
1288270738483482624
1288270738550599686
1288270738957438976
1288270738923892736
1288270739192389632
1288270739158704128
1288270739259392000
1288270739532128257
1288270739913703429
1288270739938910212
1288270739985006597
1288270740094148609
1288270740425302017
1288270740521877509
1288270740580700160
1288270741201289216
1288270741478105088
1288270741540986881
1288270741826416641
1288270741943746560
1288270742568796162
1288270742816161792
1288270743218745348
1288270743793307649
1288270743860645890
1288270743860645888
1288270744179351553
1288270744384937984
1288270744376479748
1288270745894887424
1288270746150555649
1288270746448404481
1288270747136385025
1288270747748765696
1288270747752960002
1288270748159811587
1288270749271302147
1288270749459820544
1288270749912969218
1288270750059769856
1288270750017900544
1288270750059765760
1288270750844149763
1288270751267581952
1288270751506857984
1288270751741743106
1288270752123203585
1288270752274362369
1288270752458866691
1288270752748363777
1288270753339592704
1288270753587232769
1288270753721278469
1288270753843093512
1288270755273355265
1288270755633991681
1288270755902427136
1288270756003164161
1288270756091068416
1288270756464525312
1288270756405604352
1288270756670050304
1288270757332541440
1288270757395484672
1288270757902954496
1288270758108704770
1288270758234525697
1288270758234525699
1288270758305726468
1288270758750359553
1288270759027146752
1288270759287111680
1288270759421501440
1288270759350026240
1288270760184864768
1288270760331620352
1288270760310702081
1288270760562302977
1288270760897847297
1288270760939749376
1288270761199796227
1288270761367613440
1288270761908670464
1288270761967394816
1288270762214690816
1288270762374201344
1288270762919550983
1288270763192209409
1288270763267506176
1288270763531870208
1288270763955544064
1288270764655833091
1288270765217976320
1288270765398339589
1288270765587156994
1288270765951823872
1288270765985587201
1288270766329466886
1288270766358900740
1288270766702604288
1288270767294238722
1288270767470215168
1288270767625588736
1288270767814258688
1288270767885606917
1288270767889752065
1288270768015642625
1288270768141475841
1288270768137175040
1288270768435060736
1288270768711839744
1288270769303289856
1288270769471004672
1288270769651417092
1288270769546498050
1288270758859419653
1288270770687348739
1288270751062269952
1288270758599417856
1288270770905522176
1288270771127820290
1288270771597475840
1288270772100898816
1288270772377714689
1288270772364959745
1288270772511944704
1288270772398698502
1288270772641738752
1288270754090450944
1288270772897808384
1288270772889362432
1288270773006864384
1288270772998418433
1288270762701250560
1288270773514391552
1288270774168584193
1288270774369947650
1288270773954777089
1288270774638391304
1288270775095525381
1288270770779623432
1288270775317864448
1288270775225638912
1288270775460352001
1288270775896735745
1288270776127299584
1288270776135749632
1288270776253243392
1288270776261644290
1288270776676884481
1288270776626491398
1288270776919945216
1288270776961871872
1288270777003806720
1288270777243045888
1288270778249568257
1288270778522312704
1288270778597888002
1288270778744487936
1288270778958577664
1288270779101085696
1288270779294113797
1288270779533099014
1288270779981996032
1288270780040531968
1288270780141314050
1288270780183257088
1288270780757716992
1288270780724318217
1288270780648902658
1288270780866990080
1288270781059723264
1288270781387083776
1288270781269659649
1288270781470973952
1288270781852594176
1288270781886201856
1288270782024634368
1288270781961498625
1288270782930595841
1288270783194845184
1288270783513493504
1288270784029499394
1288270783999905793
1288270784142749696
1288270784247595008
1288270784314695686
1288270784415268865
1288270784373325825
1288270784620707840
1288270784813772806
1288270784927019009
1288270785316974592
1288270785992372225
1288270786051145729
1288270786311069699
1288270786403475461
1288270786768154624
1288270786780897282
1288270787363905539
1288270787401613313
1288270787468656640
1288270787518988288
1288270787942797312
1288270788068614146
1288270788194455558
1288270788865470464
1288270788886441984
1288270789314322440
1288270789511348225
1288270789570113537
1288270789595275264
1288270789658124289
1288270790169899012
1288270790224355328
1288270790316744706
1288270790367076352
1288270790564225024
1288270790601797634
1288270757299183618
1288270760172232704
1288270773707247617
1288270779566694402
1288270790643785729
1288270791113670656
1288270791893753856
1288270791910600705
1288270792246079491
1288270792573124608
1288270792669659136
1288270792925609984
1288270793189793794
1288270793189797895
1288270793181401088
1288270793361838080
1288270793449836544
1288270793777057794
1288270793986715649
1288270794385166336
1288270795039338498
1288270795106480128
1288270795307802624
1288270795333152768
1288270795546988546
1288270795815280646
1288270796813742080
1288270796939333633
1288270796914294791
1288270797396615168
1288270797681733634
1288270797749071878
1288270798365569024
1288270798403383296
1288270798851981314
1288270799770656770
1288270800257155073
1288270800546562049
1288270800580227074
1288270800852787200
1288270800689065984
1288270801150644224
1288270801083351040
1288270801704189952
1288270801863471104
1288270802396360705
1288270802672967681
1288270803029708801
1288270803138760705
1288270803109322753
1288270803243606018
1288270803524558849
1288270803788849154
1288270803944046592
1288270803952435207
1288270804225064967
1288270805298819072
1288270805168795648
1288270805344956417
1288270805269450752
1288270805667782657
1288270806124961795
1288270806028636163
1288270806263500807
1288270806905167872
1288270806934589440
1288270806976323584
1288270807026806785
1288270807219789825
1288270807488016384
1288270807743909888
1288270809484726273
1288270809656635392
1288270809744781312
1288270809988050947
1288270809945972736
1288270810227015681
1288270810243895297
1288270810399072257
1288270811040821248
1288270811300855811
1288270811380551686
1288270811481112576
1288270811531554816
1288270811653189634
1288270812177457152
1288270812395560960
1288270812361961477
1288270812571676674
1288270812588408832
1288270812500221957
1288270812693303302
1288270812651442177
1288270812689174528
1288270812898832385
1288270813422997504
1288270813943205889
1288270814694051840
1288270815247687682
1288270815436439553
1288270815557976065
1288270815981641743
1288270815989882880
1288270816174419968
1288270816468250624
1288270816665194496
1288270816803786752
1288270817147727878
1288270817403387906
1288270817583824902
1288270817579565057
1288270817705504768
1288270818548621313
1288270818737360899
1288270819114627072
1288270819186167809
1288270819437817857
1288270819613904898
1288270820016558086
1288270820087934976
1288270820205191170
1288270820289073152
1288270820490579969
1288270820477788160
1288270820733665281
1288270821790687232
1288270822524751872
1288270822675820545
1288270822637961219
1288270822776348672
1288270822864494592
1288270822877155328
1288270823179128832
1288270823380443139
1288270823711793152
1288270824282226688
1288270824491819008
1288270824579899392
1288270824483545088
1288270824651317251
1288270824764510208
1288270824907198465
1288270825137864710
1288270825393737728
1288270825704095745
1288270825758642176
1288270825926221825
1288270826312208390
1288270826672922630
1288270826773651457
1288270826844782593
1288270826970677249
1288270827323101184
1288270827566370817
1288270827704770560
1288270829160148992
1288270829252423683
1288270829210546176
1288270829701267457
1288270830015664128
1288270830107947008
1288270830200336384
1288270830263312385
1288270830670094343
1288270831005470720
1288270831798202368
1288270832029114377
1288270832079212544
1288270832842739714
1288270833643921409
1288270833736187905
1288270833949974529
1288270834272997382
1288270834625163265
1288270834776158208
1288270834952359936
1288270834960871429
1288270835157884928
1288270835216769025
1288270835556343810
1288270835636027393
1288270835694948359
1288270835753431040
1288270835959169024
1288270836546146304
1288270836806250496
1288270837020229638
1288270837578072067
1288270838102470656
1288270838232494080
1288270838245011456
1288270838387572737
1288270838505111552
1288270838521888769
1288270839385698304
1288270839494795264
1288270839620734980
1288270839813754881
1288270839998304256
1288270840061140994
1288270840329572358
1288270840233172992
1288270840212185088
1288270840577101835
1288270840698609664
1288270840254038022
1288270841118154755
1288270841139126273
1288270841302720512
1288270841508134913
1288270841839583235
1288270841843785731
1288270842313531392
1288270842691047429
1288270842783240193
1288270843315924995
1288270843814928384
1288270843852849152
1288270844293193733
1288270844565708800
1288270844683259904
1288270844855119873
1288270845295697920
1288270845597626368
1288270845555572736
1288270845777854464
1288270846176514049
1288270846293942274
1288270846461644800
1288270847027945482
1288270846965026816
1288270847095037952
1288270847061327872
1288270847766142976
1288270848055480320
1288270848097476608
1288270848147759109
1288270848185569284
1288270848319787018
1288270848344952833
1288270848667930624
1288270848865034240
1288270848927752192
1288270848961449985
1288270849326424064
1288270849632608259
1288270849691328513
1288270849791811585
1288270850626650112
1288270850760769540
1288270850928631809
1288270851012472839
1288270850999934976
1288270850974720002
1288270851226259456
1288270851285155841
1288270851192893441
1288270851402604544
1288270851645812736
1288270851553529857
1288270851859558400
1288270851809382400
1288270852010762241
1288270852098793479
1288270852258254849
1288270852795006977
1288270852799246338
1288270853009014789
1288270853336182784
1288270853579448322
1288270853717798912
1288270853789163522
1288270854326026240
1288270854262943744
1288270854485352448
1288270854695137280
1288270855013691392
1288270855127158784
1288270855210962945
1288270855345233923
1288270855420538880
1288270855580127232
1288270855668027392
1288270855693271047
1288270856091623424
1288270856263798784
1288270856368594947
1288270856498688003
1288270856687419393
1288270857173966848
1288270857811439616
1288270857840689152
1288270857958285312
1288270858025406466
1288270858092294145
1288270858226630661
1288270858381938688
1288270859161882625
1288270859229110274
1288270859153571842
1288270859602399232
1288270860038660097
1288270860395020290
1288270860474822656
1288270860718084099
1288270861116481536
1288270861233922048
1288270861410209792
1288270861640687616
1288270861980454912
1288270862362333186
1288270862647545856
1288270862869827585
1288270863230480384
1288270863163428864
1288270864488660993
1288270865629622273
1288270866032349184
1288270866338459650
1288270866564788224
1288270867152146432
1288270867454140419
1288270867751993344
1288270868058013696
1288270868162936834
1288270868146262017
1288270868401987584
1288270868561440768
1288270869119336448
1288270869157089281
1288270869148704769
1288270869614084096
1288270869609865217
1288270869836464136
1288270870159527942
1288270870364991489
1288270870402740225
1288270870495014912
1288270870536949761
1288270870704783361
1288270870922682368
1288270870905929733
1288270870989897728
